6
5
'B'
4
9
5
2.00E-03,2.00E-02,-3.425149E+02,-9.471260E+02,-1.035776E+03,-5.382415E+02,-1.349198E+02,-1.319063E+01
2.00E-02,2.00E-01,-3.429832E+01,-5.804548E+01,-1.032570E+02,-8.853015E+01,-3.530521E+01,-5.134460E+00
2.00E-01,2.00E+00,-2.177747E+01,4.617764E-02,4.411196E-01,-2.972147E-01,4.526295E-02,1.266794E-01
2.00E+00,2.00E+01,-2.177388E+01,1.478620E-02,5.259617E-01,-3.816430E-01,1.583400E-01,-2.891062E-02
2.00E+01,1.00E+02,-2.031496E+01,-4.202600E+00,5.289472E+00,-3.002456E+00,8.528627E-01,-9.687936E-02
2.00E-03,2.00E-02,8.918311E+02,2.032827E+03,1.848711E+03,8.366675E+02,1.884457E+02,1.690050E+01
2.00E-02,2.00E-01,-2.541364E+01,-1.431782E+02,-2.719536E+02,-2.512535E+02,-1.124468E+02,-1.936447E+01
2.00E-01,2.00E+00,3.999932E+00,-3.436566E-04,5.915359E-03,8.912116E-03,-5.773581E-02,-7.638556E-02
2.00E+00,2.00E+01,3.957725E+00,3.523344E-01,-1.090038E+00,1.583144E+00,-1.089634E+00,2.864666E-01
2.00E+01,1.00E+02,-1.706773E+01,6.699669E+01,-8.458052E+01,5.301434E+01,-1.650476E+01,2.042555E+00
2.00E-03,2.00E-02,4.351227E+03,9.911984E+03,8.995520E+03,4.062035E+03,9.127285E+02,8.164786E+01
2.00E-02,2.00E-01,-2.231015E+02,-1.166895E+03,-2.224691E+03,-2.066543E+03,-9.323203E+02,-1.625384E+02
2.00E-01,2.00E+00,1.600011E+01,1.047221E-03,-1.091150E-02,-3.243924E-02,1.126404E-01,2.517025E-01
2.00E+00,2.00E+01,1.583090E+01,1.409336E+00,-4.360155E+00,6.332582E+00,-4.358538E+00,1.145865E+00
2.00E+01,1.00E+02,-6.827095E+01,2.679866E+02,-3.383220E+02,2.120574E+02,-6.601909E+01,8.170219E+00
'Ne'
10
20
5
8.00E-03,2.00E-02,6.767667E+01,1.613787E+02,1.104767E+02,3.198749E+01,3.143149E+00,0.000000E+00
2.00E-02,2.00E-01,-6.805016E+01,-2.580876E+02,-5.346855E+02,-5.284263E+02,-2.476333E+02,-4.425504E+01
2.00E-01,2.00E+00,-2.022685E+01,-1.141439E+00,1.428329E+00,1.089571E+00,-6.969904E+00,-3.701472E+00
2.00E+00,2.00E+01,-2.021988E+01,-1.100588E+00,8.377123E-01,1.707851E-01,-3.522400E-01,1.041226E-01
2.00E+01,1.00E+02,-2.064906E+01,8.835572E-02,-2.864026E-01,4.440143E-01,-1.881675E-01,2.719145E-02
8.00E-03,2.00E-02,2.387652E+02,4.883521E+02,3.869072E+02,1.375382E+02,1.832860E+01,0.000000E+00
2.00E-02,2.00E-01,8.903922E+01,3.633115E+02,6.246609E+02,5.124253E+02,2.001083E+02,3.002850E+01
2.00E-01,2.00E+00,9.907808E+00,1.596451E-01,1.874297E-01,1.282721E+01,-2.747952E+01,-5.420656E+01
2.00E+00,2.00E+01,9.945612E+00,1.735784E-01,-2.181054E-01,1.058969E-01,3.161577E-03,-1.221873E-02
2.00E+01,1.00E+02,1.727525E+01,-2.180943E+01,2.596320E+01,-1.535289E+01,4.512136E+00,-5.275090E-01
8.00E-03,2.00E-02,1.576306E+03,3.119044E+03,2.388611E+03,8.275954E+02,1.084601E+02,0.000000E+00
2.00E-02,2.00E-01,1.277075E+03,5.470219E+03,9.475078E+03,7.845254E+03,3.097987E+03,4.700874E+02
2.00E-01,2.00E+00,9.831406E+01,3.456344E+00,-1.472818E+00,2.278931E+02,-4.588059E+02,-9.353008E+02
2.00E+00,2.00E+01,9.882779E+01,4.606832E+00,-8.300309E+00,8.001087E+00,-3.963363E+00,7.899949E-01
2.00E+01,1.00E+02,1.166322E+02,-5.797516E+01,7.907664E+01,-5.296407E+01,1.745827E+01,-2.269032E+00
'Ar'
18
40
4
3.00E-02,2.00E-01,-2.053043E+01,-2.834287E+00,1.506902E+01,3.517177E+01,2.400122E+01,5.072723E+00
2.00E-01,2.00E+00,-1.965204E+01,-1.172763E-01,7.833220E+00,-6.351577E+00,-3.058849E+01,-1.528534E+01
2.00E+00,2.00E+01,-1.974883E+01,2.964839E+00,-8.829391E+00,9.791004E+00,-4.960018E+00,9.820032E-01
2.00E+01,1.00E+02,-2.117935E+01,5.191481E+00,-7.439717E+00,4.969023E+00,-1.553180E+00,1.877047E-01
3.00E-02,2.00E-01,-6.351877E+01,-4.145188E+02,-8.502200E+02,-8.074783E+02,-3.621262E+02,-6.187830E+01
2.00E-01,2.00E+00,1.591067E+01,-7.886774E-01,2.874539E+00,3.361189E+01,-3.306891E+01,-7.162601E+01
2.00E+00,2.00E+01,1.296383E+01,1.833252E+01,-2.834795E+01,2.267165E+01,-9.219744E+00,1.507133E+00
2.00E+01,1.00E+02,-7.890005E+01,2.939922E+02,-3.551084E+02,2.133685E+02,-6.376566E+01,7.582572E+00
3.00E-02,2.00E-01,-9.617104E+02,-6.478980E+03,-1.394668E+04,-1.372414E+04,-6.350906E+03,-1.120351E+03
2.00E-01,2.00E+00,2.534142E+02,-2.346306E+01,7.075633E+01,1.014115E+03,-7.342520E+02,-1.963298E+03
2.00E+00,2.00E+01,1.582535E+02,5.763311E+02,-8.295298E+02,5.954534E+02,-2.057947E+02,2.602888E+01
2.00E+01,1.00E+02,2.959939E+02,6.590942E+01,-7.358733E+01,4.647609E+01,-1.567553E+01,2.167101E+00
'W'
74
184
4
1.00E-01,2.00E-01,5.340828E+00,1.560876E+02,4.171704E+02,5.502576E+02,3.567583E+02,9.042786E+01
2.00E-01,2.00E+00,-1.723894E+01,5.423752E-02,-1.221070E+00,4.411812E-01,-4.485821E+00,-7.836137E+00
2.00E+00,2.00E+01,-1.474880E+01,-1.439542E+01,2.105855E+01,-4.394746E+00,-1.106006E+01,5.616985E+00
2.00E+01,1.00E+02,-2.624260E+02,7.125586E+02,-8.250168E+02,4.742407E+02,-1.355175E+02,1.541889E+01
1.00E-01,2.00E-01,1.555776E+02,9.075264E+02,2.344661E+03,3.050606E+03,1.995100E+03,5.250867E+02
2.00E-01,2.00E+00,2.560687E+01,2.746452E+01,1.880356E+01,2.109782E+01,-1.779688E+01,-5.671642E+01
2.00E+00,2.00E+01,-8.081505E+01,7.807107E+02,-1.793494E+03,1.856495E+03,-8.288591E+02,1.207945E+02
2.00E+01,1.00E+02,6.270438E+03,-1.827260E+04,2.132807E+04,-1.235512E+04,3.557784E+03,-4.078162E+02
1.00E-01,2.00E-01,-1.057516E+04,-6.461370E+04,-1.535776E+05,-1.806057E+05,-1.050080E+05,-2.408997E+04
2.00E-01,2.00E+00,6.620789E+02,1.417530E+03,1.722973E+03,1.884802E+03,3.569429E+02,-1.384352E+03
2.00E+00,2.00E+01,-7.481742E+03,5.666677E+04,-1.210664E+05,1.084440E+05,-3.344618E+04,-8.941927E+01
2.00E+01,1.00E+02,8.064275E+05,-2.358791E+06,2.749159E+06,-1.590203E+06,4.572558E+05,-5.234089E+04
'Fe'
26
56
4
2.00E-02,2.00E-01,-2.752599E+01,-3.908228E+01,-6.469423E+01,-5.555048E+01,-2.405568E+01,-4.093160E+00
2.00E-01,2.00E+00,-1.834973E+01,-1.252028E+00,-7.533115E+00,-3.289693E+00,2.866739E+01,2.830249E+01
2.00E+00,2.00E+01,-1.671042E+01,-1.646143E+01,3.766238E+01,-3.944080E+01,1.918529E+01,-3.509238E+00
2.00E+01,1.00E+02,-2.453957E+01,1.795222E+01,-2.356360E+01,1.484503E+01,-4.542323E+00,5.477462E-01
2.00E-02,2.00E-01,8.778318E+00,-5.581412E+01,-1.225124E+02,-1.013985E+02,-3.914244E+01,-5.851445E+00
2.00E-01,2.00E+00,1.959496E+01,1.997852E+01,9.593373E+00,-7.609962E+01,-1.007190E+02,-1.144046E+01
2.00E+00,2.00E+01,1.478150E+01,6.945311E+01,-1.991202E+02,2.653804E+02,-1.631423E+02,3.770026E+01
2.00E+01,1.00E+02,2.122081E+01,6.891607E+00,-4.076853E+00,1.577171E+00,-5.139468E-01,8.934176E-02
2.00E-02,2.00E-01,-1.629057E+00,-2.038262E+03,-4.720863E+03,-4.299215E+03,-1.797781E+03,-2.879963E+02
2.00E-01,2.00E+00,3.885212E+02,7.909700E+02,6.077126E+02,-2.903589E+03,-5.163387E+03,-1.865747E+03
2.00E+00,2.00E+01,1.181937E+02,3.464816E+03,-9.953434E+03,1.328083E+04,-8.173660E+03,1.891447E+03
2.00E+01,1.00E+02,-3.243616E+02,2.476134E+03,-2.551817E+03,1.348646E+03,-3.619529E+02,3.921327E+01
'C'
6
12
5
3.00E-03,2.00E-02,1.965300E+03,4.572039E+03,4.159590E+03,1.871560E+03,4.173889E+02,3.699382E+01
2.00E-02,2.00E-01,7.467599E+01,4.549038E+02,8.372937E+02,7.402515E+02,3.147607E+02,5.164578E+01
2.00E-01,2.00E+00,-2.120151E+01,-3.668933E-01,7.295099E-01,-1.944827E-01,-1.263576E-01,-1.491027E-01
2.00E+00,2.00E+01,-2.121979E+01,-2.346986E-01,4.093794E-01,7.874548E-02,-1.841379E-01,5.590744E-02
2.00E+01,1.00E+02,-2.476796E+01,9.408181E+00,-9.657446E+00,4.999161E+00,-1.237382E+00,1.160610E-01
3.00E-03,2.00E-02,2.093736E+03,5.153766E+03,5.042105E+03,2.445345E+03,5.879207E+02,5.609128E+01
2.00E-02,2.00E-01,7.286051E+00,4.506650E+01,1.595483E+02,2.112702E+02,1.186473E+02,2.400040E+01
2.00E-01,2.00E+00,5.998782E+00,6.808206E-03,-3.096242E-02,-4.794194E-02,1.374732E-01,5.157571E-02
2.00E+00,2.00E+01,5.988153E+00,7.335329E-02,-1.754858E-01,2.034126E-01,-1.145930E-01,2.517150E-02
2.00E+01,1.00E+02,-3.412166E+01,1.250454E+02,-1.550822E+02,9.568297E+01,-2.937297E+01,3.589667E+00
3.00E-03,2.00E-02,1.569604E+04,3.872013E+04,3.793754E+04,1.842954E+04,4.438563E+03,4.241526E+02
2.00E-02,2.00E-01,-8.567197E+01,-1.867449E+02,4.249500E+02,1.072139E+03,7.377224E+02,1.646775E+02
2.00E-01,2.00E+00,3.598505E+01,7.432950E-02,-2.552972E-01,-4.325508E-01,8.446683E-01,4.719095E+00
2.00E+00,2.00E+01,3.588152E+01,7.335339E-01,-1.754860E+00,2.034127E+00,-1.145931E+00,2.517152E-01
2.00E+01,1.00E+02,-2.047300E+02,7.502727E+02,-9.304934E+02,5.740977E+02,-1.762379E+02,2.153801E+01
