7,10,0.D0,1.D0
0.D0
0.00e+19,0.0, 0.0, 1.00, 1.30e+19, 0.60, 0.00e+19, 0.0,0.00e+19, 0.0, 0.07
5.D0
0.00e+19,0.0, 0.0, 1.00, 1.30e+19, 0.60, 0.00e+19, 0.0,0.00e+19, 0.0, 0.07
65.D0
0.00e+19,0.0, 0.0, 1.00, 4.75e+19, 0.60, 0.00e+19, 0.0,0.00e+19, 0.0, 0.07
66.D0
0.40e+19,0.0, 0.0, 1.00, 5.75e+19, 0.60, 0.00e+19, 0.0,0.00e+19, 0.0, 0.07
75.D0
0.80e+19,0.0, 0.0, 1.00, 6.75e+19, 0.60, 0.00e+19, 0.0,0.00e+19, 0.0, 0.07
78.D0
1.30e+19,5.00e+19, 1.00, 0.03, 1.00e+19, 1.50, 0.00, 4.0,0.00e+19, 0.00, 0.07
80.D0
1.30e+19,5.00e+19, 1.00, 0.03, 1.00e+19, 1.50, 0.00, 4.0,3.00e+19, 0.55, 0.07
